docs/json/2024122600.json
{"header": {"discipline":0,"disciplineName":"Meteorological products","gribEdition":2,"gribLength":50448,"center":7,"centerName":"US National Weather Service - NCEP(WMC)","subcenter":0,"refTime":"2024-12-26T00:00:00.000Z","significanceOfRT":1,"significanceOfRTName":"Start of forecast","productStatus":0,"productStatusName":"Operational products","productType":1,"productTypeName":"Forecast products","productDefinitionTemplate":0,"productDefinitionTemplateName":"Analysis/forecast at horizontal level/layer at a point in time","parameterCategory":0,"parameterCategoryName":"Temperature","parameterNumber":0,"parameterNumberName":"Temperature","parameterUnit":"K","genProcessType":2,"genProcessTypeName":"Forecast","forecastTime":0,"surface1Type":1,"surface1TypeName":"Ground or water surface","surface1Value":0.0,"surface2Type":255,"surface2TypeName":"Missing","surface2Value":0.0,"gridDefinitionTemplate":0,"gridDefinitionTemplateName":"Latitude_Longitude","numberPoints":65160,"shape":6,"shapeName":"Earth spherical with radius of 6,371,229.0 m","gridUnits":"degrees","resolution":48,"winds":"true","scanMode":0,"nx":360,"ny":181,"basicAngle":0,"lo1":0.0,"la1":90.0,"lo2":359.0,"la2":-90.0,"dx":1.0,"dy":1.0}, "data":
[rows 108 to 134 of 181, columns 61 to 121 of 360]
299.7033,299.60333,299.3033,298.90332,299.40332,299.40332,299.3033,299.10333,298.7033,299.00333,299.00333,299.3033,298.60333,298.50333,299.50333,299.10333,298.7033,298.2033,298.60333,298.7033,298.50333,299.00333,299.40332,299.60333,298.90332,298.60333,299.7033,299.7033,299.3033,298.7033,298.50333,298.7033,299.00333,299.3033,299.10333,298.8033,298.3033,298.40332,298.60333,299.2033,299.40332,299.40332,299.90332,299.8033,299.40332,299.2033,299.2033,299.50333,299.40332,300.2033,300.90332,301.8033,302.2033,302.7033,303.2033,303.60333,304.00333,304.00333,304.10333,304.40332,304.00333
299.7033,299.50333,299.60333,299.2033,299.40332,299.10333,298.8033,298.7033,298.50333,299.00333,299.00333,298.8033,298.2033,297.90332,298.2033,298.7033,298.8033,298.2033,298.40332,298.10333,297.60333,298.00333,298.2033,298.3033,298.8033,298.3033,298.60333,299.50333,299.3033,298.8033,298.3033,297.90332,297.8033,298.50333,299.40332,299.00333,298.00333,297.8033,298.10333,298.3033,298.2033,299.40332,300.00333,299.8033,299.00333,298.50333,298.60333,298.8033,299.10333,299.90332,301.00333,302.00333,302.3033,302.60333,303.10333,303.2033,303.40332,303.3033,303.40332,303.7033,304.2033
299.40332,299.40332,299.3033,299.00333,299.2033,299.3033,299.2033,298.90332,298.40332,298.60333,298.40332,298.2033,297.8033,297.7033,297.8033,298.2033,298.3033,297.8033,298.40332,298.60333,298.10333,297.50333,297.3033,297.3033,297.7033,298.3033,297.40332,297.90332,298.40332,298.50333,298.40332,297.60333,296.8033,297.00333,298.00333,298.50333,297.90332,297.3033,297.10333,297.2033,297.40332,298.3033,299.2033,298.40332,298.00333,298.60333,298.60333,298.60333,298.40332,299.00333,300.3033,301.00333,302.10333,302.00333,302.3033,302.40332,302.90332,303.40332,305.50333,316.2033,315.7033
299.3033,299.3033,299.10333,299.00333,298.8033,298.90332,298.90332,298.90332,298.50333,298.3033,298.00333,298.00333,298.00333,298.00333,298.00333,297.7033,297.40332,297.50333,297.90332,298.10333,297.7033,298.00333,297.3033,297.2033,297.50333,297.00333,296.8033,296.60333,297.2033,297.8033,298.10333,297.50333,296.7033,296.40332,296.90332,297.90332,297.60333,296.7033,296.3033,296.3033,296.50333,297.3033,297.8033,297.00333,296.8033,297.50333,298.2033,298.3033,298.00333,298.40332,299.7033,301.00333,301.50333,301.3033,301.8033,310.40332,316.90332,314.40332,314.90332,316.50333,316.40332
299.2033,299.00333,299.00333,298.60333,298.7033,298.8033,298.8033,298.60333,298.90332,298.3033,298.2033,298.3033,298.00333,298.2033,297.90332,297.2033,297.10333,297.2033,297.00333,297.00333,297.00333,297.8033,297.60333,297.10333,297.2033,296.90332,296.60333,296.2033,296.60333,297.40332,297.10333,296.7033,296.40332,296.40332,296.8033,297.10333,296.90332,296.40332,296.10333,295.90332,295.8033,296.40332,296.8033,296.3033,296.50333,297.2033,297.7033,297.8033,297.7033,298.50333,299.90332,300.40332,299.50333,304.90332,311.8033,313.10333,313.90332,316.7033,316.50333,314.50333,308.90332
299.3033,299.10333,298.90332,298.60333,298.7033,298.8033,298.50333,298.3033,298.3033,298.00333,297.90332,297.7033,297.60333,297.90332,298.00333,297.50333,297.3033,297.10333,297.00333,296.90332,296.8033,296.8033,296.8033,296.7033,297.10333,297.2033,296.90332,296.50333,296.60333,296.2033,295.8033,296.00333,296.2033,296.2033,296.50333,296.40332,295.8033,295.60333,296.00333,296.10333,296.10333,295.90332,296.10333,296.50333,296.8033,297.3033,297.2033,296.90332,297.7033,298.8033,300.3033,299.00333,298.90332,305.8033,310.3033,312.10333,313.10333,312.7033,308.90332,315.10333,314.7033
299.50333,299.3033,299.3033,298.8033,298.60333,298.8033,298.60333,298.10333,298.00333,297.8033,297.7033,297.60333,297.7033,297.50333,297.3033,297.2033,297.2033,296.90332,296.50333,296.60333,296.60333,296.50333,296.3033,296.10333,296.50333,296.40332,296.60333,296.50333,295.8033,295.60333,295.7033,295.8033,296.10333,295.90332,295.8033,295.60333,295.7033,295.50333,295.90332,295.90332,295.50333,295.7033,295.8033,296.40332,296.90332,296.7033,296.3033,296.60333,297.10333,297.60333,298.7033,298.3033,298.10333,304.10333,307.00333,308.7033,309.90332,311.10333,310.3033,310.00333,310.60333
299.2033,299.2033,299.3033,298.90332,298.8033,298.90332,298.7033,298.10333,298.00333,297.8033,297.40332,297.40332,297.10333,297.2033,297.00333,296.8033,296.8033,296.50333,296.50333,296.3033,296.40332,295.90332,295.8033,295.90332,295.90332,295.8033,295.40332,296.50333,296.00333,295.50333,295.2033,295.40332,295.00333,294.7033,294.7033,294.8033,295.3033,295.00333,295.00333,294.60333,294.8033,295.50333,295.3033,295.90332,295.90332,295.50333,295.10333,295.7033,296.00333,296.7033,297.00333,297.60333,297.40332,300.90332,304.40332,305.7033,306.7033,308.90332,305.2033,307.60333,305.90332
299.10333,299.00333,299.00333,299.00333,299.00333,298.8033,298.50333,298.3033,297.90332,297.90332,297.8033,297.40332,297.2033,297.3033,297.00333,296.8033,296.60333,296.40332,296.3033,296.60333,296.7033,296.50333,295.90332,296.2033,296.00333,295.50333,295.2033,295.60333,295.3033,295.2033,295.2033,295.3033,294.90332,294.50333,294.60333,295.00333,295.2033,294.8033,294.7033,294.40332,295.00333,295.50333,295.40332,295.3033,295.00333,295.00333,295.00333,295.2033,296.60333,296.8033,296.60333,297.40332,296.40332,298.90332,302.90332,302.40332,304.2033,304.90332,307.60333,307.7033,309.10333
299.40332,298.90332,298.60333,298.8033,298.3033,298.8033,298.3033,298.40332,297.90332,297.7033,297.7033,297.10333,297.00333,297.00333,296.50333,296.8033,296.7033,296.8033,296.40332,296.3033,296.3033,296.3033,296.00333,296.10333,295.7033,295.10333,294.60333,294.50333,294.40332,295.00333,294.8033,294.7033,294.3033,294.60333,294.8033,294.90332,295.00333,294.50333,294.3033,294.00333,294.40332,294.50333,294.7033,294.50333,294.2033,294.2033,294.2033,294.8033,296.10333,296.10333,295.2033,295.7033,296.50333,300.40332,300.7033,300.3033,301.3033,303.00333,303.8033,304.10333,306.90332
299.10333,298.90332,297.90332,297.60333,297.7033,298.00333,297.7033,297.8033,297.00333,297.10333,297.50333,297.3033,296.40332,296.2033,296.3033,296.40332,296.10333,296.00333,296.2033,295.90332,295.7033,295.8033,295.60333,295.90332,295.50333,294.7033,294.50333,294.8033,294.50333,294.8033,294.60333,294.3033,294.40332,294.40332,294.7033,295.10333,294.90332,294.3033,294.00333,293.10333,293.50333,293.8033,293.60333,293.8033,294.10333,293.7033,294.40332,294.7033,294.7033,294.8033,295.60333,295.90332,295.8033,295.60333,298.50333,300.2033,300.00333,302.50333,302.90332,304.10333,304.50333
297.50333,297.3033,297.50333,297.40332,297.7033,297.40332,297.2033,297.10333,296.7033,296.7033,296.50333,296.2033,296.00333,296.40332,296.10333,295.3033,295.10333,295.3033,295.60333,295.40332,295.2033,294.90332,294.8033,295.3033,295.50333,295.10333,294.8033,294.60333,294.60333,294.7033,294.7033,294.60333,294.00333,294.3033,294.2033,294.3033,294.3033,294.10333,293.10333,293.2033,293.40332,293.3033,293.60333,293.90332,293.8033,293.8033,294.2033,294.60333,294.2033,294.2033,294.7033,295.60333,295.7033,295.3033,296.60333,298.7033,300.2033,299.90332,301.50333,303.00333,303.3033
297.3033,296.8033,297.10333,297.60333,297.60333,296.90332,296.40332,296.90332,296.3033,296.2033,295.90332,295.8033,295.8033,295.90332,295.90332,295.2033,294.7033,294.50333,294.50333,294.90332,294.7033,294.60333,294.00333,294.7033,294.8033,294.60333,294.7033,294.2033,294.8033,294.8033,294.60333,294.2033,294.2033,293.8033,293.7033,293.7033,292.90332,292.8033,293.00333,293.10333,293.40332,292.7033,292.50333,292.60333,292.8033,292.8033,293.3033,293.40332,293.2033,293.90332,293.60333,294.2033,294.60333,294.8033,294.8033,298.3033,298.2033,299.00333,299.00333,300.8033,300.90332
295.90332,295.90332,296.10333,296.00333,296.00333,296.2033,296.50333,296.3033,295.90332,295.90332,295.50333,295.40332,295.7033,295.00333,295.00333,295.2033,295.00333,294.10333,293.90332,294.40332,294.3033,294.00333,294.00333,294.00333,294.40332,293.8033,294.00333,294.00333,294.10333,293.7033,293.50333,294.10333,294.8033,293.2033,293.00333,292.7033,292.60333,292.7033,292.7033,292.90332,293.50333,292.7033,291.8033,291.50333,291.8033,292.7033,293.00333,292.2033,292.40332,293.3033,293.2033,293.00333,294.50333,294.50333,294.60333,295.7033,294.8033,295.8033,297.8033,299.2033,295.40332
295.40332,295.10333,294.50333,295.00333,295.7033,295.00333,295.2033,294.60333,295.00333,295.3033,294.90332,295.2033,295.10333,295.00333,294.3033,294.00333,294.40332,293.90332,293.50333,293.40332,293.50333,293.40332,293.40332,293.50333,293.60333,293.90332,293.7033,293.3033,293.3033,293.2033,293.10333,293.8033,293.8033,293.2033,292.8033,292.3033,291.60333,291.90332,291.90332,292.00333,292.7033,291.60333,290.8033,291.3033,291.50333,292.60333,292.60333,292.3033,292.10333,292.40332,292.50333,292.3033,293.2033,293.7033,294.00333,292.10333,294.8033,295.3033,295.10333,294.10333,294.90332
295.10333,294.90332,293.7033,293.60333,294.3033,294.2033,294.00333,294.00333,293.8033,293.50333,293.8033,294.3033,294.40332,293.90332,293.40332,293.2033,293.7033,293.90332,293.40332,292.8033,292.7033,293.2033,293.2033,293.40332,293.00333,292.7033,292.2033,292.90332,292.7033,292.2033,293.10333,293.00333,292.60333,292.3033,292.90332,292.40332,291.50333,291.7033,291.10333,291.50333,291.50333,291.7033,290.90332,291.00333,291.00333,291.7033,292.00333,291.90332,292.00333,292.00333,292.00333,291.2033,292.2033,293.3033,293.10333,290.7033,293.50333,294.00333,294.10333,293.2033,291.00333
294.00333,294.50333,293.8033,293.8033,293.8033,293.40332,292.90332,293.50333,293.50333,293.2033,292.90332,292.8033,293.00333,293.2033,293.00333,292.90332,292.8033,292.50333,292.40332,292.00333,291.90332,292.2033,291.8033,292.2033,291.90332,291.60333,291.7033,291.8033,291.8033,291.8033,291.7033,291.50333,291.50333,291.00333,291.60333,291.50333,290.7033,291.00333,290.7033,290.60333,290.90332,290.40332,290.60333,290.90332,290.50333,290.8033,291.90332,291.7033,291.00333,291.8033,291.60333,290.7033,292.40332,293.40332,292.2033,287.90332,290.00333,294.7033,290.00333,291.8033,292.2033
292.50333,291.60333,291.8033,292.7033,292.60333,292.3033,292.7033,292.8033,292.40332,292.60333,292.2033,292.50333,292.10333,291.90332,292.40332,292.40332,292.10333,291.90332,291.40332,291.7033,291.2033,291.3033,291.3033,291.7033,291.50333,291.10333,290.90332,290.50333,291.2033,291.00333,291.00333,290.50333,290.60333,290.50333,290.40332,290.3033,289.8033,290.40332,290.10333,289.8033,290.00333,289.90332,290.2033,290.60333,290.00333,290.60333,291.00333,291.3033,290.50333,290.50333,290.00333,290.2033,291.8033,292.00333,293.00333,292.3033,290.50333,289.40332,291.7033,290.90332,291.10333
291.50333,291.10333,291.10333,290.50333,290.90332,291.2033,291.10333,290.8033,291.2033,291.10333,291.3033,291.10333,290.40332,291.00333,290.3033,290.60333,291.00333,290.90332,291.00333,291.10333,290.7033,290.10333,290.7033,290.60333,290.10333,290.10333,289.90332,289.90332,290.3033,290.2033,289.40332,289.50333,289.3033,289.40332,289.2033,289.10333,288.8033,289.40332,289.8033,289.2033,289.2033,289.8033,289.8033,289.60333,289.60333,289.8033,290.40332,290.40332,289.90332,289.3033,289.8033,290.60333,291.2033,290.60333,290.50333,291.40332,291.40332,290.40332,290.40332,291.10333,291.00333
290.10333,290.2033,290.10333,290.10333,290.3033,289.90332,289.3033,290.00333,289.60333,289.60333,290.10333,289.8033,290.40332,291.00333,290.50333,290.10333,290.2033,289.10333,289.50333,289.7033,289.90332,289.2033,289.90332,290.10333,289.7033,289.50333,289.3033,289.3033,289.3033,289.40332,288.8033,288.40332,288.40332,288.10333,288.2033,288.00333,288.2033,288.40332,288.8033,288.50333,288.50333,288.7033,288.60333,288.7033,288.00333,288.60333,288.8033,288.8033,289.60333,289.3033,288.90332,290.8033,290.7033,290.00333,290.00333,288.90332,289.10333,289.3033,290.10333,290.7033,290.40332
289.40332,289.60333,290.00333,290.3033,290.10333,289.2033,288.50333,288.7033,288.50333,289.90332,289.8033,289.60333,289.50333,289.40332,288.8033,288.7033,288.90332,288.3033,289.40332,288.90332,289.50333,288.50333,288.3033,289.10333,288.8033,288.40332,288.50333,288.3033,288.10333,287.7033,288.3033,287.8033,287.60333,288.00333,287.2033,287.10333,287.60333,287.7033,287.3033,287.3033,288.10333,287.90332,287.10333,286.90332,286.8033,287.10333,287.7033,288.00333,287.90332,288.2033,289.10333,290.3033,289.3033,288.60333,289.00333,288.60333,288.40332,288.00333,289.50333,290.3033,289.7033
288.8033,289.40332,288.8033,288.60333,288.50333,288.3033,288.00333,288.10333,288.8033,289.40332,289.60333,288.8033,288.3033,288.90332,288.60333,288.10333,287.8033,287.8033,288.00333,288.2033,287.7033,287.60333,287.60333,287.10333,287.2033,287.8033,287.90332,287.2033,287.10333,287.10333,287.00333,286.90332,287.2033,287.2033,286.40332,286.8033,287.2033,286.7033,286.60333,286.50333,286.3033,286.60333,286.50333,286.2033,287.2033,287.00333,286.60333,286.90332,287.3033,287.60333,287.8033,289.00333,287.8033,287.2033,287.7033,287.8033,287.90332,288.3033,288.8033,288.2033,287.90332
288.3033,288.3033,287.50333,287.40332,287.8033,287.90332,287.50333,287.40332,288.7033,288.90332,288.00333,287.40332,287.3033,287.3033,287.40332,287.2033,287.40332,286.7033,286.90332,287.40332,287.7033,287.3033,287.40332,286.90332,287.00333,287.2033,287.10333,286.8033,285.90332,286.2033,286.40332,286.00333,286.00333,286.10333,286.2033,285.7033,286.10333,286.00333,286.40332,285.60333,286.40332,286.40332,286.3033,286.10333,285.7033,285.60333,286.00333,286.60333,286.8033,286.3033,286.50333,286.7033,286.50333,286.40332,286.60333,288.00333,287.50333,286.8033,286.8033,287.10333,287.40332
287.90332,288.3033,287.60333,287.60333,286.8033,286.10333,286.90332,287.3033,287.7033,287.2033,287.10333,287.10333,286.50333,286.40332,287.00333,287.00333,286.8033,286.7033,286.2033,286.90332,286.40332,285.90332,286.00333,285.7033,285.90332,286.2033,286.2033,285.90332,285.90332,285.90332,285.8033,285.90332,286.2033,285.7033,284.60333,285.00333,285.3033,285.00333,285.40332,285.50333,285.3033,285.2033,285.3033,285.40332,284.90332,285.00333,285.50333,285.50333,285.3033,285.50333,286.50333,286.10333,286.3033,285.8033,286.00333,286.2033,286.7033,286.00333,286.7033,286.8033,286.3033
286.60333,287.7033,287.90332,287.8033,285.60333,284.90332,286.60333,286.90332,287.00333,286.3033,285.7033,285.8033,286.60333,285.90332,285.7033,285.2033,284.50333,285.7033,286.8033,286.2033,286.00333,285.8033,285.50333,285.50333,285.60333,285.10333,285.00333,285.00333,285.3033,284.8033,284.40332,284.2033,284.7033,285.40332,285.40332,284.50333,284.90332,284.60333,284.50333,285.2033,284.90332,284.60333,284.50333,285.10333,284.60333,285.10333,285.2033,284.90332,284.3033,284.90332,284.7033,285.60333,285.60333,285.50333,285.50333,285.3033,285.8033,285.50333,286.00333,286.00333,285.60333
286.90332,286.8033,287.40332,287.00333,285.00333,285.40332,286.40332,286.60333,286.10333,285.8033,284.50333,284.00333,285.00333,285.50333,284.8033,284.00333,283.3033,283.8033,284.40332,284.60333,284.8033,284.7033,283.90332,284.3033,284.60333,284.8033,284.40332,283.50333,284.10333,284.3033,284.2033,283.50333,283.3033,284.40332,284.40332,284.10333,284.60333,284.50333,284.3033,284.7033,284.40332,284.00333,284.2033,284.50333,284.50333,284.50333,284.40332,284.3033,284.2033,284.40332,284.60333,284.50333,284.60333,285.00333,284.7033,284.8033,285.3033,285.40332,284.90332,285.10333,284.90332
285.7033,285.3033,285.00333,283.7033,283.50333,283.10333,282.90332,282.8033,283.50333,284.7033,284.7033,283.8033,284.8033,285.40332,285.00333,283.7033,282.90332,283.3033,283.7033,283.50333,284.10333,284.60333,283.40332,283.3033,284.3033,284.3033,282.90332,282.60333,283.3033,283.40332,283.40332,283.3033,282.8033,282.8033,282.8033,283.60333,284.2033,283.7033,283.50333,283.90332,283.8033,284.10333,284.50333,284.00333,283.8033,283.7033,283.8033,283.7033,283.60333,284.00333,284.2033,284.10333,284.00333,284.3033,284.50333,284.50333,284.50333,284.60333,284.60333,284.40332,284.8033
