docs/json/2024122600.json
{"header": {"discipline":0,"disciplineName":"Meteorological products","gribEdition":2,"gribLength":78078,"center":7,"centerName":"US National Weather Service - NCEP(WMC)","subcenter":0,"refTime":"2024-12-26T00:00:00.000Z","significanceOfRT":1,"significanceOfRTName":"Start of forecast","productStatus":0,"productStatusName":"Operational products","productType":1,"productTypeName":"Forecast products","productDefinitionTemplate":0,"productDefinitionTemplateName":"Analysis/forecast at horizontal level/layer at a point in time","parameterCategory":2,"parameterCategoryName":"Momentum","parameterNumber":2,"parameterNumberName":"U-component_of_wind","parameterUnit":"m.s-1","genProcessType":2,"genProcessTypeName":"Forecast","forecastTime":0,"surface1Type":103,"surface1TypeName":"Specified height level above ground","surface1Value":10.0,"surface2Type":255,"surface2TypeName":"Missing","surface2Value":0.0,"gridDefinitionTemplate":0,"gridDefinitionTemplateName":"Latitude_Longitude","numberPoints":65160,"shape":6,"shapeName":"Earth spherical with radius of 6,371,229.0 m","gridUnits":"degrees","resolution":48,"winds":"true","scanMode":0,"nx":360,"ny":181,"basicAngle":0,"lo1":0.0,"la1":90.0,"lo2":359.0,"la2":-90.0,"dx":1.0,"dy":1.0}, "data":
[rows 27 to 53 of 181, columns 0 to 59 of 360]
13.61792,14.26792,12.91792,14.24792,16.61792,14.0579195,13.46792,14.23792,0.38791993,-0.032080077,0.027919922,-0.89208007,-0.48208007,1.2879199,1.5479199,-0.58208007,-0.21208008,0.47791994,0.037919924,-0.28208008,-0.29208007,0.41791993,0.7679199,0.15791993,0.9579199,1.96792,1.1479199,1.93792,1.9279199,2.81792,2.33792,3.29792,4.17792,4.8379197,4.45792,3.30792,4.94792,5.66792,5.49792,5.51792,4.70792,4.86792,4.87792,3.13792,3.31792,2.85792,2.33792,1.81792,1.4179199,1.71792,2.25792,1.93792,2.14792,1.80792,1.1479199,1.33792,0.48791993,-0.15208007,0.037919924,1.84792
14.52792,13.72792,13.92792,13.61792,10.90792,7.50792,-0.44208008,2.36792,0.60791993,0.6279199,1.06792,-0.65208006,0.8979199,1.5379199,3.87792,2.7179198,-0.13208008,1.6179199,3.37792,4.43792,3.27792,1.58792,-0.5020801,0.6379199,1.3979199,1.5179199,1.57792,1.7879199,2.2079198,2.4679198,2.40792,2.57792,2.9779198,3.38792,4.0879197,7.8179197,4.13792,4.42792,5.27792,4.0479198,4.72792,4.12792,4.47792,3.31792,2.9279199,2.77792,0.83791995,1.32792,1.84792,2.1979198,2.76792,2.58792,2.6779199,2.15792,1.05792,0.21791992,0.52791995,0.24791992,0.17791992,0.5479199
11.48792,12.39792,11.56792,9.51792,8.20792,0.5179199,0.6979199,2.7379198,5.09792,1.19792,1.31792,0.027919922,0.29791993,0.4079199,2.40792,4.27792,4.65792,4.12792,6.00792,7.27792,7.71792,7.80792,0.8679199,1.3779199,2.39792,1.4979199,1.4079199,1.4979199,2.2179198,2.11792,3.51792,6.39792,6.52792,3.11792,3.14792,4.0479198,5.09792,3.34792,3.76792,2.99792,3.14792,3.49792,3.2179198,2.60792,2.7079198,1.71792,2.51792,2.07792,2.53792,2.1879199,2.58792,1.96792,2.02792,1.1779199,1.1579199,0.027919922,0.067919925,-0.012080078,-0.12208008,0.7679199
10.64792,10.57792,10.58792,10.87792,3.55792,-2.09208,-2.3220801,3.7179198,5.76792,2.4879198,0.77791995,0.9479199,2.39792,2.88792,4.19792,4.86792,4.88792,4.51792,4.69792,7.27792,6.99792,7.7979198,6.91792,4.93792,5.69792,8.22792,8.20792,6.41792,5.72792,6.47792,4.39792,3.52792,2.4679198,2.4379199,2.62792,3.4779198,3.01792,3.2279198,3.11792,2.38792,2.31792,2.38792,3.4579198,3.04792,2.28792,1.8579199,2.34792,2.4579198,1.9779199,1.81792,1.7879199,1.1779199,1.44792,0.97791994,1.3779199,0.9379199,0.20791993,-0.5520801,-0.71208006,2.14792
7.61792,9.48792,8.23792,5.95792,5.11792,2.05792,0.5479199,2.2079198,2.26792,1.7979199,5.28792,5.25792,5.0879197,5.97792,7.48792,5.78792,4.99792,4.7979198,5.62792,7.72792,9.79792,10.44792,8.33792,6.09792,3.09792,3.2079198,3.62792,3.1779199,2.64792,3.34792,2.9679198,2.55792,2.28792,2.4579198,3.10792,2.88792,2.35792,2.4179199,2.13792,1.8779199,2.7379198,1.9879199,2.52792,2.31792,0.5479199,1.1079199,2.10792,0.8179199,1.43792,1.1479199,1.2379199,0.7079199,1.3879199,1.3879199,1.56792,0.58791995,2.26792,-0.38208008,-0.30208007,2.07792
8.40792,8.81792,8.77792,8.24792,7.5679197,6.99792,6.17792,6.50792,7.99792,9.35792,9.07792,7.03792,3.9879198,4.18792,5.69792,5.12792,4.0679197,6.12792,8.18792,8.33792,9.89792,9.16792,9.8079195,9.46792,5.3579197,3.89792,3.52792,4.25792,3.51792,3.00792,2.63792,2.60792,2.4479198,2.9879198,2.77792,2.2379198,1.8579199,2.6879199,1.7879199,1.68792,1.2479199,1.0379199,1.32792,1.32792,0.91791993,2.12792,1.0079199,1.2879199,0.17791992,0.067919925,1.43792,1.2679199,1.1079199,0.6779199,1.34792,0.84791994,0.8979199,0.78791994,1.06792,1.45792
7.62792,8.62792,8.47792,6.98792,6.11792,6.6079197,6.52792,7.00792,6.89792,6.40792,5.68792,8.23792,8.02792,3.4479198,4.05792,4.11792,4.0679197,5.17792,6.27792,7.27792,7.47792,6.63792,3.82792,4.92792,2.7379198,2.4179199,3.74792,3.40792,4.21792,3.04792,3.4579198,2.12792,3.08792,2.9279199,2.80792,1.82792,1.70792,1.4879199,1.57792,1.9879199,0.6279199,0.83791995,0.8179199,3.02792,1.6679199,1.55792,1.0479199,0.5479199,-0.38208008,0.90791994,0.8679199,0.22791992,0.65791994,0.35791993,0.6279199,0.7679199,0.78791994,1.2379199,0.58791995,1.8979199
6.80792,7.2979198,5.8579197,5.13792,4.05792,5.17792,5.43792,5.8579197,5.65792,3.87792,5.07792,5.16792,5.00792,3.7079198,3.54792,4.76792,6.0679197,6.46792,7.0479198,7.94792,7.89792,5.75792,4.96792,4.95792,4.02792,3.9379199,3.83792,3.7279198,3.4579198,3.4579198,3.4579198,3.05792,3.2179198,3.06792,2.9779198,2.12792,1.8679199,1.44792,1.2979199,1.2779199,0.91791993,0.26791993,2.25792,1.56792,2.6979198,1.4979199,1.2479199,0.2579199,-0.58208007,-0.42208007,-0.19208008,1.05792,0.8979199,0.7679199,0.97791994,0.8279199,0.5479199,0.5579199,0.7479199,1.2279199
4.69792,4.24792,4.74792,5.90792,4.78792,5.88792,6.3579197,6.0679197,5.82792,3.4379199,4.66792,5.76792,4.48792,5.30792,5.5879197,5.48792,6.12792,6.70792,7.3579197,5.69792,6.45792,5.30792,2.9279199,3.09792,3.13792,3.50792,3.76792,4.99792,4.37792,4.70792,4.11792,4.67792,3.28792,3.1779199,2.28792,1.7779199,2.54792,1.4779199,1.7579199,2.1979198,1.5079199,1.4279199,0.6979199,1.2979199,2.1879199,2.59792,1.0079199,0.33791992,0.72791994,0.71791995,0.6979199,0.5779199,0.27791992,1.1079199,0.71791995,1.31792,0.22791992,-0.14208008,-0.05208008,0.35791993
2.9779198,4.11792,3.62792,3.9479198,4.49792,4.94792,5.90792,6.51792,5.8179197,3.06792,2.04792,2.77792,2.37792,2.12792,2.27792,1.96792,1.7779199,2.07792,2.29792,2.28792,3.09792,3.4679198,2.4579198,2.89792,2.15792,3.40792,3.89792,4.7979198,3.88792,3.27792,4.20792,4.07792,3.61792,3.24792,2.4379199,2.61792,2.54792,1.44792,2.30792,2.51792,2.25792,1.1279199,1.82792,2.37792,2.12792,1.6679199,0.9479199,1.2679199,0.5179199,0.66791993,0.59791994,-0.19208008,-0.48208007,-0.22208008,0.3779199,0.2879199,-0.08208008,-0.6720801,0.20791993,1.3879199
2.65792,2.29792,2.25792,2.9179199,4.05792,3.82792,1.56792,1.59792,1.7579199,1.4179199,1.4279199,1.80792,1.94792,1.1679199,1.21792,1.0379199,0.5179199,1.5179199,2.1879199,1.6079199,2.14792,2.75792,2.59792,2.74792,2.56792,2.11792,2.34792,3.2079198,3.26792,3.1979198,3.35792,2.40792,2.56792,2.9379199,2.26792,2.60792,2.58792,2.11792,2.40792,2.34792,1.57792,1.82792,1.7579199,1.93792,1.33792,1.3879199,1.84792,1.33792,0.83791995,0.53791994,0.7379199,0.45791993,-0.6320801,-0.71208006,-0.112080075,-0.7020801,-0.83208007,-0.4620801,1.1679199,0.6979199
0.45791993,0.90791994,1.7379199,2.6779199,1.9179199,0.6179199,0.72791994,0.9979199,1.1479199,-0.21208008,0.49791992,0.22791992,-0.22208008,0.6779199,0.7679199,0.18791991,0.53791994,0.91791993,1.1779199,1.33792,1.9079199,1.9279199,1.93792,2.36792,2.08792,2.31792,2.32792,2.4779198,1.8879199,2.2179198,1.81792,1.83792,1.6779199,1.8579199,1.58792,1.4779199,1.59792,0.8179199,0.4379199,1.3779199,1.33792,0.5179199,0.41791993,0.36791992,0.24791992,0.8679199,0.90791994,0.58791995,1.0079199,1.08792,1.2279199,1.71792,-0.21208008,-0.48208007,-0.6020801,-0.47208008,-0.5620801,-0.6220801,2.4479198,1.8579199
0.47791994,1.58792,1.9879199,0.037919924,0.24791992,0.5779199,-0.24208008,-1.4820801,-0.6120801,0.65791994,0.07791992,0.6979199,0.8179199,0.29791993,-1.2220801,0.44791993,0.3779199,-0.96208006,-0.6020801,-0.42208007,-0.19208008,0.38791993,0.35791993,0.71791995,0.7379199,0.4379199,0.5179199,0.33791992,0.38791993,0.7079199,0.52791995,0.4079199,0.04791992,-0.8220801,0.77791995,0.11791992,-0.44208008,-0.12208008,0.13791992,-0.4020801,0.22791992,0.12791993,0.8179199,0.6179199,0.5179199,0.59791994,1.05792,1.2479199,1.2379199,1.2479199,1.30792,1.70792,0.83791995,0.47791994,-0.89208007,-0.5620801,-0.022080079,0.7579199,1.4779199,0.77791995
1.0479199,1.20792,-0.33208007,-1.2120801,-0.91208005,-0.7620801,-0.91208005,-1.15208,-1.0820801,-1.30208,-1.1020801,-0.7420801,-0.4620801,0.5679199,0.5179199,0.49791992,0.23791993,-0.42208007,-0.032080077,-2.67208,-1.8420801,-1.2220801,-1.3920801,-0.9920801,-0.072080076,-0.32208008,-0.3720801,-0.42208007,-0.6020801,-1.3220801,-1.3220801,-0.9920801,-0.9320801,-0.58208007,-0.4620801,-0.84208006,-0.8120801,-0.7020801,-0.15208007,-0.08208008,0.36791992,0.4079199,0.39791992,0.5179199,0.65791994,0.5479199,-0.10208008,0.9479199,1.9979199,1.7579199,1.56792,1.68792,1.2979199,0.19791992,-0.022080079,0.3179199,-0.4320801,0.83791995,0.8779199,0.46791992
-0.78208005,-1.29208,-1.1120801,-1.6320801,-1.0820801,-2.7920802,-2.40208,-2.8120801,-2.73208,-1.67208,-1.65208,-1.2620801,-0.7320801,-1.0220801,0.3479199,0.35791993,1.2779199,0.7079199,0.067919925,-2.09208,-1.1020801,1.19792,-0.062080078,-0.7520801,-1.2220801,-1.67208,-1.7020801,-2.14208,-2.42208,-2.25208,-1.8320801,-2.96208,-2.99208,-2.95208,-2.13208,-1.28208,-1.69208,-1.93208,-1.90208,-0.90208006,-0.71208006,-0.59208006,-0.59208006,-0.71208006,-0.5420801,-0.5420801,0.09791992,-0.83208007,0.49791992,0.41791993,-0.08208008,0.15791993,-0.45208007,-0.35208008,-1.1220801,-1.06208,-0.3420801,0.35791993,-0.13208008,1.5279199
-1.3520801,-2.22208,-2.0620801,-2.5220802,-1.5020801,-1.91208,-0.8620801,-1.56208,-2.96208,-2.14208,-2.22208,-1.41208,-1.4520801,-0.91208005,-0.33208007,0.18791991,2.05792,2.54792,1.2879199,0.5479199,-0.012080078,-0.4320801,-1.0720801,-1.9720801,-1.69208,-0.35208008,1.6179199,0.07791992,-3.18208,-3.7720802,-2.89208,-3.42208,-3.0320802,-2.8320801,-3.10208,-3.11208,-3.38208,-3.11208,-2.15208,-2.45208,-2.3020802,-1.7720801,-2.3320801,-3.17208,-2.3320801,-1.8520801,-1.55208,-1.79208,-1.5120801,-2.5120802,-2.5720801,-2.42208,-2.35208,-2.42208,-2.7920802,-1.2520801,-1.0920801,-1.18208,0.52791995,0.49791992
-2.36208,-2.17208,-2.63208,-1.4520801,-1.18208,-1.0120801,-1.5020801,-2.85208,-1.2620801,-0.91208005,-3.42208,-0.33208007,-1.66208,0.107919924,2.15792,1.94792,0.8679199,-1.5920801,0.58791995,-0.5420801,-2.35208,-2.8020802,-2.65208,-1.3420801,-1.1320801,-2.3320801,-0.6320801,0.8779199,-0.53208005,-1.7720801,-3.60208,-3.7720802,-4.50208,-4.83208,-5.00208,-4.24208,-4.47208,-4.7020802,-6.80208,-6.11208,-3.60208,-3.0720801,-3.0820801,-3.11208,-3.2620802,-2.44208,-1.8620801,-2.5720801,-2.98208,-3.5520802,-3.34208,-3.2720802,-2.93208,-2.75208,-2.48208,-2.91208,-1.7620801,-1.40208,-0.89208007,-0.42208007
-3.0220802,-1.3320801,-1.0720801,-0.112080075,1.4779199,-0.77208006,-0.6920801,-1.3520801,3.1779199,-1.2720801,-0.59208006,-0.53208005,1.20792,-0.9920801,-1.5720801,-1.2120801,-0.78208005,-1.3620801,0.14791992,-1.18208,-1.2220801,-1.53208,-1.29208,-2.39208,-1.1320801,-1.3520801,-0.65208006,1.93792,-1.31208,-3.2820802,-3.72208,-8.28208,-8.63208,-9.20208,-6.97208,-9.36208,-10.57208,-9.26208,-7.02208,-4.51208,-4.73208,-4.92208,-4.54208,-4.06208,-3.99208,-3.15208,-3.68208,-3.38208,-3.0720801,-5.84208,-5.32208,-5.22208,-5.1620803,-3.39208,-2.74208,-2.24208,-0.90208006,-1.53208,-0.7920801,0.60791993
-1.2120801,-1.30208,-1.3520801,-0.6820801,-0.012080078,-1.2120801,-3.3220801,2.61792,-0.18208008,-0.39208007,-0.84208006,1.8579199,-0.28208008,-9.13208,-7.05208,-7.56208,-0.072080076,1.0279199,0.77791995,2.15792,1.4979199,1.7379199,0.35791993,0.6179199,0.13791992,-0.22208008,-3.90208,-5.42208,-3.36208,-3.96208,-9.08208,-12.56208,-12.11208,-13.35208,-9.07208,-1.56208,-8.97208,-10.9420805,-2.93208,-2.43208,-3.7720802,-3.91208,-4.44208,-5.06208,-3.8220801,-3.17208,-3.73208,-4.22208,-6.19208,-5.44208,-6.07208,-5.03208,-3.5220802,-3.67208,-1.68208,-2.59208,-2.46208,-1.65208,0.5179199,-0.8120801
-1.56208,0.4079199,-0.7420801,-1.54208,0.33791992,0.14791992,-1.3220801,0.14791992,1.9079199,-2.0320802,-2.38208,-1.43208,-0.5120801,-8.97208,-3.85208,-5.06208,-2.2620802,-1.91208,0.8279199,-0.65208006,0.8979199,0.96791995,-0.19208008,0.2579199,-0.23208007,-4.82208,-7.1620803,-6.00208,-4.37208,-8.01208,-9.32208,-10.28208,-8.87208,-9.21208,-12.28208,-8.58208,-5.3920803,-5.72208,-5.4520802,-2.41208,-0.9820801,0.53791994,-0.5020801,-2.64208,-3.0820801,-3.46208,-3.66208,-3.36208,-6.00208,-4.9120803,-4.28208,-3.96208,-2.21208,-0.4020801,-3.3120801,-2.2920802,-2.25208,-1.91208,-1.5020801,-0.97208005
-0.36208007,0.12791993,1.2279199,0.8279199,-2.85208,-1.8820801,-2.39208,-7.33208,-11.52208,-14.152081,-8.83208,-5.6620803,-0.8120801,-4.94208,-1.4520801,-6.1420803,-3.5720801,-2.65208,-4.97208,-5.29208,-1.05208,-0.7620801,1.2479199,-0.5420801,-0.5120801,1.7479199,1.56792,-2.5320802,-7.32208,-10.42208,-9.9420805,-8.74208,-8.29208,-10.47208,-8.87208,-7.19208,-6.55208,-6.11208,-4.08208,-7.88208,-2.86208,-0.9320801,-1.29208,-1.8720801,0.9979199,-0.97208005,-0.5120801,-2.0120802,-4.55208,-3.5420802,-2.59208,-4.21208,-3.96208,-3.3320801,-1.8520801,-2.8320801,-2.2720802,-2.13208,-1.2720801,-0.072080076
-0.72208005,-0.45208007,-0.4020801,0.18791991,-1.29208,-0.53208005,-3.65208,-5.36208,-3.7720802,-4.40208,-4.26208,-7.88208,-3.42208,-1.8620801,-0.3120801,1.09792,-0.58208007,-6.62208,-3.00208,-5.06208,-5.50208,-1.67208,2.61792,0.6779199,-1.5920801,3.9679198,1.96792,-4.34208,-4.37208,-10.07208,-9.24208,-8.04208,-6.06208,-4.34208,1.58792,-0.47208008,-5.1420803,-3.5520802,-3.0220802,-3.0720801,-5.55208,-4.59208,-1.31208,-1.2020801,-3.91208,-1.05208,-2.21208,2.32792,-0.6920801,-1.7320801,-1.8620801,-2.0520802,-2.8020802,-2.40208,-3.0720801,-3.09208,-2.3220801,-1.7020801,-2.2620802,-1.04208
0.007919922,0.30791992,-2.0520802,-3.93208,-1.80208,-0.35208008,-1.9820801,-3.23208,-2.96208,-5.94208,-4.1420803,-4.12208,-3.20208,-3.15208,-5.53208,-1.7320801,1.0379199,1.8779199,-8.35208,-7.05208,-3.17208,-3.2820802,2.4379199,-0.30208007,-1.05208,-4.50208,-1.3420801,-2.71208,-5.54208,-2.85208,-1.78208,-2.60208,-1.30208,-1.18208,-0.90208006,-1.8520801,-0.39208007,0.067919925,1.2379199,-1.2220801,0.5779199,-2.14208,-1.3520801,-1.68208,1.70792,0.22791992,-0.39208007,-0.9420801,-0.4620801,-0.36208007,-0.3720801,-0.13208008,0.18791991,-0.66208005,-1.04208,-2.09208,-0.72208005,-0.90208006,-0.7320801,-0.6720801
1.2779199,-2.43208,-3.72208,-1.8620801,0.107919924,0.07791992,-0.52208006,-3.40208,-7.50208,-1.8820801,-0.3420801,-2.65208,-5.04208,-10.01208,-7.4320803,-3.68208,-2.60208,3.2179198,-2.13208,-3.5720801,-2.86208,-2.0620801,1.6479199,5.89792,-4.9520802,-8.57208,-9.30208,-1.56208,1.2479199,-1.80208,-2.5220802,-4.54208,-3.24208,-2.88208,-0.9520801,-2.0120802,-6.17208,-4.54208,-1.2320801,-2.16208,-1.4920801,-1.3620801,-0.66208005,-0.64208007,0.8279199,-2.65208,1.6679199,-0.33208007,-2.25208,-0.18208008,-0.4620801,0.6179199,0.97791994,0.47791994,0.48791993,-1.3520801,-0.44208008,-0.9320801,-0.012080078,-0.17208008
-1.31208,-3.7720802,-1.31208,-1.3820801,1.1479199,-0.112080075,0.9579199,-0.38208008,-1.16208,1.2679199,-0.71208006,0.9979199,-3.36208,-7.62208,-5.44208,-2.50208,-1.9620801,3.04792,0.13791992,1.4079199,-3.7920802,-2.8320801,-0.64208007,3.61792,-10.91208,-11.49208,-5.1620803,-3.11208,-1.8220801,-1.68208,-1.1120801,-0.25208008,-6.24208,-2.61208,-1.5920801,-1.9520801,-2.61208,-6.90208,-3.37208,-3.0720801,-2.0220802,-2.8320801,-1.6120801,0.6979199,-1.1020801,-0.012080078,0.4379199,-0.4920801,-0.20208007,-3.19208,-2.3020802,0.77791995,1.71792,2.00792,1.0379199,0.5779199,1.2779199,-0.14208008,1.68792,1.82792
-3.96208,-2.66208,-2.34208,-0.21208008,1.71792,1.7879199,2.90792,2.4679198,2.50792,1.0179199,2.35792,2.6979198,-0.4620801,-3.50208,-1.0820801,1.7679199,0.9879199,-1.3720801,-0.53208005,-1.44208,-1.2520801,-3.0120802,-1.5220801,0.7979199,-6.85208,-6.49208,-8.12208,-4.35208,-1.68208,-0.6720801,-2.5420802,-1.03208,-1.0720801,-3.87208,-8.70208,-0.66208005,-2.2920802,-0.7320801,-2.0620801,-2.63208,-0.66208005,-1.3720801,-1.29208,-1.18208,0.2579199,0.6979199,-1.16208,-0.44208008,2.58792,-1.6320801,-5.01208,-0.14208008,0.53791994,-0.33208007,-0.8620801,0.2879199,-1.6320801,-0.5020801,0.8979199,1.7379199
-4.67208,-4.6420803,-2.96208,-1.7220801,-0.90208006,2.9279199,3.7179198,5.17792,2.32792,2.77792,2.7079198,2.1879199,1.45792,1.9879199,2.90792,2.13792,-0.58208007,-3.8120801,-1.3920801,-2.0420802,-3.11208,-2.7820802,-0.72208005,2.49792,10.03792,-3.3120801,-3.69208,-6.1620803,-3.99208,-1.78208,-1.5120801,2.25792,-2.75208,-1.2320801,-0.9520801,-4.82208,-1.1120801,-6.49208,-2.7720802,-3.12208,-2.68208,-1.8820801,-1.5920801,-1.5220801,-0.6220801,1.07792,-1.0820801,0.16791992,-1.91208,0.58791995,-0.13208008,-1.7720801,-0.16208008,-0.012080078,1.5079199,-0.52208006,0.9579199,-1.05208,0.8179199,-0.7020801
