docs/json/2024122600.json
{"header": {"discipline":0,"disciplineName":"Meteorological products","gribEdition":2,"gribLength":78800,"center":7,"centerName":"US National Weather Service - NCEP(WMC)","subcenter":0,"refTime":"2024-12-26T00:00:00.000Z","significanceOfRT":1,"significanceOfRTName":"Start of forecast","productStatus":0,"productStatusName":"Operational products","productType":1,"productTypeName":"Forecast products","productDefinitionTemplate":0,"productDefinitionTemplateName":"Analysis/forecast at horizontal level/layer at a point in time","parameterCategory":2,"parameterCategoryName":"Momentum","parameterNumber":3,"parameterNumberName":"V-component_of_wind","parameterUnit":"m.s-1","genProcessType":2,"genProcessTypeName":"Forecast","forecastTime":0,"surface1Type":103,"surface1TypeName":"Specified height level above ground","surface1Value":10.0,"surface2Type":255,"surface2TypeName":"Missing","surface2Value":0.0,"gridDefinitionTemplate":0,"gridDefinitionTemplateName":"Latitude_Longitude","numberPoints":65160,"shape":6,"shapeName":"Earth spherical with radius of 6,371,229.0 m","gridUnits":"degrees","resolution":48,"winds":"true","scanMode":0,"nx":360,"ny":181,"basicAngle":0,"lo1":0.0,"la1":90.0,"lo2":359.0,"la2":-90.0,"dx":1.0,"dy":1.0}, "data":
[rows 0 to 24 of 181, columns 0 to 57 of 360]
-4.6192408,-4.579241,-4.5292406,-4.479241,-4.419241,-4.3692408,-4.309241,-4.2592406,-4.1992407,-4.1392407,-4.079241,-4.019241,-3.9592407,-3.8892407,-3.8292408,-3.7592406,-3.6892407,-3.6192408,-3.5492408,-3.4792407,-3.4092407,-3.3392408,-3.2692406,-3.1892407,-3.1092408,-3.0392408,-2.9592407,-2.8792408,-2.7992408,-2.7192407,-2.6392407,-2.5592408,-2.4792407,-2.3892407,-2.3092408,-2.2192407,-2.1392407,-2.0492408,-1.9592407,-1.8792408,-1.7892407,-1.6992407,-1.6092408,-1.5192407,-1.4292407,-1.3392407,-1.2492408,-1.1592407,-1.0692407,-0.9692407,-0.87924075,-0.7892407,-0.69924074,-0.5992407,-0.50924075,-0.4192407,-0.31924072,-0.22924072
-2.9192407,-2.7592406,-2.5892408,-2.4292407,-2.2592406,-2.0892408,-1.9192407,-1.7492408,-1.5792407,-1.4192407,-1.2692407,-1.1192408,-0.9692407,-0.82924074,-0.6792407,-0.5392407,-0.39924073,-0.26924074,-0.15924072,-0.049240723,0.060759276,0.16075927,0.27075928,0.37075928,0.48075926,0.5807593,0.6507593,0.73075926,0.8107593,0.8807593,0.9607593,1.0307593,1.1007593,1.1707593,1.2407593,1.3107593,1.3807592,1.4507593,1.5107592,1.5807593,1.6407592,1.7007593,1.7607592,1.8107593,1.8607593,1.9007592,1.9507593,1.9907593,2.0407593,2.0807593,2.1107593,2.1407592,2.1707592,2.2007592,2.2207594,2.2407594,2.2507594,2.2607594
-0.6892407,-0.5492407,-0.40924072,-0.25924072,-0.08924072,0.08075928,0.23075928,0.3607593,0.49075928,0.6307593,0.79075927,0.9407593,1.0707593,1.1907593,1.3207593,1.4707593,1.6007593,1.7107593,1.7907593,1.8907592,2.0107594,2.1707592,2.3307593,2.4907594,2.6407592,2.7907593,2.9407592,3.0607593,3.1807592,3.3007593,3.3807592,3.4707594,3.5307593,3.5907593,3.6407592,3.6707592,3.7107592,3.7607594,3.8107593,3.8607593,3.9107592,3.9507592,3.9807594,4.000759,4.020759,4.0307593,4.0307593,4.040759,4.060759,4.080759,4.1007595,4.1307592,4.170759,4.2007594,4.2207594,4.230759,4.2207594,4.190759
-0.28924072,-0.16924073,-0.06924072,0.010759277,0.08075928,0.14075927,0.17075928,0.3307593,0.5807593,0.85075927,1.3007593,1.8207593,2.1807592,2.3607593,2.6107593,2.6707592,2.7207594,2.7907593,2.6607592,2.4107592,2.2907593,2.4107592,2.5907593,2.8007593,3.0507593,3.3107593,3.5007594,3.6107593,3.7207594,3.7907593,3.8207593,3.8407593,3.8607593,3.9907594,4.1007595,4.170759,4.230759,4.2807593,4.310759,4.3707595,4.440759,4.460759,4.480759,4.500759,4.5707593,4.650759,4.7007594,4.710759,4.770759,4.8507595,4.8907595,4.9707594,5.0707593,5.1607594,5.2207594,5.2807593,5.310759,5.230759
-0.6192407,-0.49924073,-0.37924072,-0.19924073,0.010759277,0.22075927,0.41075927,0.60075927,0.80075926,1.0507593,1.2907593,1.5607593,1.8707592,2.0107594,2.1307592,2.1607592,2.2007592,2.2907593,2.3707592,2.4707594,2.5407593,2.6607592,2.7907593,2.9307592,3.0607593,3.1807592,3.2907593,3.4007592,3.5407593,3.7307594,4.020759,4.3507595,4.6407595,4.8607593,5.020759,5.1407595,5.210759,5.2607594,5.330759,5.440759,5.560759,5.6307592,5.710759,5.770759,5.810759,5.790759,5.7407594,5.650759,5.560759,5.4907594,5.4107594,5.310759,5.2207594,5.190759,5.2007594,5.150759,5.1107593,5.0707593
-0.57924074,-0.33924073,-0.049240723,0.24075928,0.5307593,0.8107593,1.1007593,1.3707592,1.6207592,1.8407593,2.0607593,2.2807593,2.4807594,2.6007593,2.7107592,2.9407592,3.1907592,3.3707592,3.4907594,3.6507592,3.8807592,4.1007595,4.2207594,4.310759,4.4307594,4.5107594,4.5707593,4.670759,4.7807593,4.8707595,4.9907594,5.1607594,5.250759,5.310759,5.310759,5.2807593,5.3907595,5.4707594,5.540759,5.5907593,5.650759,5.7007594,5.730759,5.690759,5.6407595,5.7007594,5.7607594,5.7407594,5.750759,5.9307594,6.020759,5.9907594,5.960759,5.900759,5.9307594,6.020759,6.1107593,6.1307592
0.14075927,0.44075927,0.6407593,0.79075927,0.93075925,1.1207592,1.3407593,1.5907593,1.8907592,2.2207594,2.5807593,3.0007594,3.4207592,3.8607593,4.3407593,4.8007593,5.270759,5.7207594,6.1107593,6.3407593,6.4707594,6.500759,6.5507593,6.6807594,6.8607593,6.9707594,6.9707594,6.830759,6.5107594,6.2607594,6.3407593,6.6107593,6.7607594,6.750759,6.7407594,6.7607594,6.7807593,6.8207593,6.8007593,6.7407594,6.690759,6.650759,6.5507593,6.4507594,6.3807592,6.2807593,6.2007594,6.210759,6.2607594,6.2807593,6.250759,6.1807594,6.0907593,6.040759,6.0107594,5.9707594,5.8607593,5.770759
-0.75924075,-0.6192407,-0.42924073,-0.16924073,0.24075928,0.7707593,1.4107593,2.1707592,3.0407593,3.8907592,4.7007594,5.3707595,6.000759,6.480759,6.790759,6.980759,6.9307594,6.6107593,6.270759,6.3507595,6.540759,6.690759,6.7407594,6.750759,6.7607594,7.040759,7.420759,7.6007595,7.6307592,7.580759,7.4107594,7.0507593,7.0307593,7.1207595,6.830759,6.5907593,6.7607594,6.6807594,6.540759,6.5307593,6.2407594,6.3207593,6.4507594,6.1307592,6.2207594,6.2807593,6.3207593,6.3907595,6.3007593,6.1407595,6.040759,5.9907594,5.8007593,6.0307593,6.0107594,5.6607594,5.3507595,5.170759
-1.4092407,-1.0392407,-0.47924072,0.14075927,0.7207593,1.3907592,2.2907593,3.2307594,4.0707593,4.7807593,5.480759,6.190759,6.7407594,7.1807594,7.7007594,8.130759,8.370759,8.52076,8.540759,8.460759,8.530759,8.550759,8.800759,9.19076,9.550759,8.890759,7.940759,8.170759,8.420759,8.450759,7.8707595,7.2007594,6.8707595,6.6807594,6.6607594,6.480759,6.500759,6.5107594,6.330759,6.6107593,6.3507595,6.1407595,6.150759,5.9307594,5.830759,5.9107594,5.960759,5.8707595,5.7207594,5.8207593,5.650759,5.670759,5.3907595,5.5907593,5.670759,4.3407593,3.7607594,4.210759
-3.4992406,-3.3392408,-3.0292406,-2.5292406,-1.9892408,-1.4392407,-0.7492407,0.55075926,2.9707594,4.790759,6.8407593,8.340759,8.86076,9.380759,10.090759,9.910759,9.280759,9.550759,9.870759,10.010759,10.280759,10.500759,10.460759,10.450759,10.460759,10.620759,10.920759,11.130759,11.340759,10.910759,8.90076,7.5907593,7.3007593,7.1107593,6.8807592,6.670759,6.2407594,6.3707595,6.020759,6.1807594,5.9307594,5.830759,5.670759,5.8207593,5.6307592,5.020759,5.020759,5.210759,4.6807594,3.6607592,3.3007593,5.000759,5.8407593,4.0307593,2.4407592,2.5907593,2.7607594,3.4907594
0.7707593,0.9607593,-0.31924072,-1.1392407,-2.1792407,-2.9092407,-2.5692408,-2.2292407,-1.5292407,0.44075927,1.7907593,1.1407592,2.1807592,4.480759,6.060759,8.380759,9.380759,10.840759,9.410759,9.680759,8.420759,6.8007593,7.7607594,8.160759,8.960759,8.90076,8.170759,8.990759,9.27076,9.19076,7.190759,7.0507593,6.980759,6.6007595,6.3907595,6.060759,5.790759,5.7207594,5.7207594,5.7207594,5.5307593,5.310759,5.1807594,5.020759,5.060759,5.0907593,5.020759,4.2007594,3.2807593,3.6007593,3.0307593,2.5507593,3.5107594,2.6107593,3.5907593,4.4307594,2.8407593,0.92075926
1.3907592,1.4307593,1.6807593,1.9007592,2.0407593,2.6307592,3.5107594,4.5507593,4.3507595,3.1707592,2.7907593,2.4707594,2.9607592,3.7607594,1.5707593,0.49075928,0.54075927,0.7707593,2.4807594,3.8507593,4.420759,4.1307592,4.400759,5.4507594,5.670759,5.8007593,4.8907595,5.8707595,6.170759,5.3207593,6.8407593,7.040759,6.8007593,6.8007593,6.750759,6.3607593,6.1307592,5.9507594,5.7607594,5.520759,5.3607593,5.3507595,5.500759,5.3207593,4.7007594,4.2007594,4.250759,4.5507593,3.8207593,3.1907592,2.9107592,2.5607593,2.8607593,3.1707592,4.060759,5.670759,7.210759,7.6307592
2.2207594,1.8307593,2.5807593,3.3707592,4.1407595,4.4107594,4.3807592,4.3907595,4.560759,3.9807594,2.7207594,1.6107593,1.0007592,-0.6792407,-1.5592407,-0.95924073,0.18075928,1.9307593,3.2107592,3.7107592,4.000759,3.4607592,3.4807594,4.0107594,4.920759,5.0907593,4.9307594,4.5307593,4.3007593,4.440759,4.330759,4.810759,5.6607594,6.210759,6.250759,5.9707594,5.5907593,6.3807592,7.1107593,7.400759,8.000759,8.300759,8.580759,9.330759,10.61076,9.780759,8.02076,7.580759,6.920759,6.7607594,6.6807594,6.060759,5.3807592,5.730759,7.3707595,9.3507595,9.220759,9.710759
0.18075928,1.1907593,1.8407593,1.3507593,3.3507593,5.0507593,5.5307593,5.8507595,6.270759,6.040759,5.1107593,4.7007594,4.3907595,3.3807592,2.8207593,0.05075928,-0.09924072,1.6507592,1.4007592,2.0407593,2.9107592,3.2207594,3.4007592,3.8907592,3.9007592,4.0507593,4.310759,4.9107594,5.500759,5.8907595,6.3807592,6.6607594,7.040759,7.080759,7.500759,7.710759,8.740759,8.990759,9.790759,11.90076,12.090759,11.710759,12.030759,11.950759,11.880759,11.56076,11.200759,10.90076,10.620759,10.31076,10.240759,10.260759,10.220759,9.450759,8.390759,8.390759,10.050759,12.19076
6.730759,5.690759,4.6107593,4.250759,4.2407594,4.1407595,3.9007592,3.8607593,3.3407593,3.0907593,7.480759,5.7407594,4.7207594,5.5307593,5.0507593,4.040759,3.2507594,1.6107593,0.62075925,-0.019240722,-0.30924073,-0.03924072,0.13075928,0.8907593,1.6207592,1.8307593,2.4407592,3.5707593,4.7807593,5.290759,5.8007593,6.460759,7.020759,7.580759,7.8407593,8.260759,9.290759,10.470759,10.710759,10.840759,11.290759,12.120759,12.920759,13.81076,13.580759,12.570759,12.890759,13.070759,12.6007595,11.780759,11.410759,11.330759,10.680759,8.840759,9.69076,8.8507595,9.800759,6.8207593
7.460759,7.2007594,6.7807593,6.310759,6.0507593,5.830759,5.3607593,4.8607593,4.2807593,3.1407592,2.0107594,1.2107593,1.2907593,3.4007592,4.8907595,2.3907592,0.40075928,-1.4492407,-3.3192408,-5.0292406,-6.8592405,-6.689241,-5.169241,-3.4192407,-1.4692407,0.40075928,1.8807592,3.1507592,4.400759,5.3507595,6.1407595,6.8207593,7.5107594,8.36076,9.030759,9.280759,9.220759,8.98076,8.790759,8.660759,9.780759,10.620759,11.780759,14.120759,15.240759,15.630759,16.17076,17.050758,14.660759,13.330759,13.320759,13.090759,11.260759,8.070759,8.1007595,8.06076,3.1407592,2.6507592
7.400759,7.2407594,7.1007595,6.750759,6.5107594,6.5307593,6.3407593,5.980759,5.330759,4.460759,3.5707593,2.6007593,1.2307593,0.86075926,-0.21924073,-1.0792407,-2.4292407,-2.4092407,-1.6492407,-6.3192406,-6.2592406,-5.1992407,-4.1792407,-3.1492407,-1.6592407,0.7207593,2.4307592,3.4207592,4.3207593,5.3507595,6.9507594,8.370759,9.890759,11.44076,11.920759,11.750759,11.40076,10.680759,9.670759,9.61076,9.94076,10.550759,11.11076,11.27076,11.65076,14.040759,16.35076,16.84076,17.640759,18.550758,16.37076,10.740759,10.660759,8.390759,8.44076,3.8007593,1.6107593,-0.109240726
7.0507593,6.6107593,6.1107593,5.940759,5.4907594,5.3407593,5.3707595,5.0507593,4.710759,4.2407594,3.5807593,3.0407593,2.1307592,1.1307592,0.15075928,-1.0292407,-1.9892408,-3.3592408,-3.9592407,-4.2992406,-5.059241,-5.229241,-4.7592406,-3.0692408,-2.1092408,-1.2092407,0.08075928,0.34075928,1.8007593,5.1007595,6.2207594,9.290759,11.250759,10.430759,7.0707593,7.5307593,9.990759,10.710759,9.950759,9.31076,9.61076,9.890759,10.740759,11.510759,11.800759,12.410759,13.200759,12.540759,14.470759,14.720759,12.90076,12.470759,11.06076,9.240759,4.1007595,-1.5992408,-4.9492407,-10.919241
7.0907593,7.7207594,7.230759,6.7207594,6.290759,6.4907594,7.940759,9.870759,8.970759,7.6107593,6.420759,5.1207595,3.8907592,2.8107593,1.9707593,1.1107593,0.3607593,-0.28924072,-1.3792408,-2.3292408,-2.9892406,-3.3692408,-2.6892407,-2.4592407,-2.1992407,-1.4492407,-0.76924074,0.31075928,1.2507592,1.6607593,4.3907595,6.650759,7.810759,7.020759,5.5107594,4.540759,2.9007592,2.0407593,-0.50924075,6.9107594,6.330759,7.6807594,9.330759,9.910759,10.320759,12.000759,12.870759,12.73076,12.81076,12.340759,11.470759,7.080759,4.540759,1.2507592,-4.0492406,-6.8192406,4.1607594,6.960759
12.290759,12.330759,12.080759,11.570759,9.640759,8.52076,10.410759,10.640759,10.11076,9.430759,8.260759,6.830759,5.8707595,5.460759,4.6807594,3.2907593,2.7607594,2.0407593,1.4307593,0.7807593,0.21075928,-0.15924072,-1.0392407,-1.1092408,-0.46924073,0.18075928,-1.3992407,-0.42924073,1.2107593,1.5307593,0.9707593,1.0107592,0.43075928,1.8507593,2.1207592,1.2007593,0.22075927,-0.75924075,-2.2192407,-3.0892408,-3.6992407,5.7207594,7.230759,7.960759,9.880759,11.800759,14.180759,13.410759,12.720759,13.660759,13.000759,12.170759,11.450759,9.740759,7.6207595,7.940759,6.6807594,6.9307594
10.620759,11.050759,11.300759,10.970759,10.220759,10.15076,10.380759,10.23076,10.220759,10.010759,9.410759,8.570759,8.02076,7.5707593,7.3607593,6.440759,4.8807592,4.060759,3.6407592,3.7407594,2.9107592,2.3707592,0.13075928,-1.1792407,-0.81924075,-1.4392407,-0.9892407,-0.39924073,0.4507593,-0.45924073,0.9607593,1.3507593,1.0807593,0.11075928,-0.6692407,-1.0792407,-1.2492408,-2.1392407,-3.0292406,-4.519241,-4.8992405,-3.7492406,-2.8992407,5.9907594,7.5107594,10.870759,15.44076,14.260759,13.830759,13.740759,13.11076,12.790759,12.830759,12.820759,12.140759,12.180759,11.720759,10.23076
11.500759,10.880759,10.40076,10.320759,10.290759,9.3507595,8.820759,8.630759,9.210759,9.260759,8.620759,8.490759,7.8507595,7.1007595,7.250759,7.2007594,7.1107593,6.580759,4.000759,3.0507593,1.2907593,0.6307593,-0.22924072,-1.7592407,-0.88924074,-0.4192407,0.11075928,1.0307593,3.5707593,2.2707593,1.9307593,1.1407592,1.0707593,1.6107593,0.4507593,0.5007593,0.29075927,-1.3692408,-3.8092408,-5.4292407,-5.599241,-6.5892406,-5.1592407,-4.2792406,8.390759,10.160759,14.44076,14.330759,12.580759,8.750759,9.920759,12.86076,12.77076,11.40076,9.94076,9.200759,7.6407595,7.8607593
11.170759,10.210759,9.580759,7.920759,7.1807594,7.5307593,7.7807593,6.920759,6.9507594,8.030759,8.90076,9.180759,9.470759,9.170759,8.630759,7.6207595,3.4307592,1.4807593,2.5607593,2.2807593,1.3407593,2.0007594,2.2107592,1.2907593,0.8407593,1.4007592,1.6907593,2.3807592,2.9707594,2.3607593,1.6007593,0.80075926,0.92075926,-0.63924074,-0.5392407,-0.009240722,-2.6192408,-3.2192407,-2.5692408,-3.1192408,-2.6592407,-3.5892408,-2.4792407,1.7907593,4.690759,7.1307592,9.530759,13.200759,14.380759,11.950759,8.65076,7.8207593,8.050759,7.460759,7.670759,8.02076,7.3407593,6.690759
9.960759,8.720759,8.050759,6.7607594,5.4307594,3.9107592,3.8507593,4.1407595,9.500759,9.06076,7.9107594,12.580759,13.710759,14.180759,4.5507593,4.710759,3.0107594,1.1407592,0.60075927,0.67075926,3.6707592,3.9107592,3.0807593,3.4407592,2.9707594,2.6507592,2.7407594,2.1107593,1.3007593,0.87075925,-0.049240723,-0.5492407,-1.0892407,-2.7592406,-2.2692406,-1.4792408,-1.1292408,0.34075928,0.28075927,0.05075928,0.26075926,1.0707593,1.9307593,3.7007592,5.3007593,9.11076,10.450759,10.830759,10.420759,10.06076,9.98076,9.23076,7.940759,9.410759,7.290759,6.420759,7.6407595,6.710759
8.240759,7.8707595,6.150759,4.0107594,1.1307592,2.3107593,5.310759,1.3707592,8.700759,10.3507595,14.320759,15.260759,12.8507595,1.9207593,4.040759,4.960759,1.6907593,3.3307593,3.9307592,2.2807593,1.3607593,1.5707593,1.2907593,1.1407592,0.80075926,1.2007593,0.8807593,0.4507593,0.44075927,-0.7292407,-1.6492407,-1.9892408,-1.3592408,0.28075927,0.74075925,1.2307593,3.0107594,3.3107593,1.8107593,2.4407592,1.6407592,1.7807593,1.3607593,4.270759,5.540759,5.2007594,5.1007595,5.230759,5.1807594,5.2607594,4.8807592,5.000759,4.580759,4.480759,4.1307592,4.250759,4.400759,7.1007595
